>> solution

area =

       1.9429

 
trapeziumN =
 
119
 

compositeTrapAreaLongFormula =

       1.9446


compositeTrapAreaShortFormula =

       1.9446


trapeziumResultsAndDiff =

       1.9446     0.001723
       1.9446    0.0016942


results_and_diff_for_n_19_to_22_wantBrunoHeeftAnders_long_formu =

       2.0158     0.072939
       2.0084     0.065567
       2.0021     0.059255
       1.9967     0.053809


results_and_diff_for_n_19_to_22_wantBrunoHeeftAnders_short_form =

       2.0084     0.065567
       2.0021     0.059255
       1.9967     0.053809
       1.9919     0.049078

 
gaussLegendreResultsN1To7 =
 
 3.703703703703704
              0.48
 1.942857142857143
 1.942857142857143
 1.942857142857143
 1.942857142857143
 1.942857142857143
 
 
monteCarloResults2DVersion =

          200       1.8318      0.11108
          500       1.8744      0.06848
         1000       1.9475    0.0046128
         2000       1.9068     0.036096
         3500       1.9722     0.029297
         5000       1.9223     0.020535
         6500       1.9421   0.00073614
         8000       1.9639     0.021034
        10000        1.941    0.0018983


monteCarloResults3DVersion =

          200         1.84      0.10286
          500        2.048      0.10514
         1000         1.96     0.017143
         2000         1.96     0.017143
         3500       1.9394    0.0034286
         5000       1.8832     0.059657
         6500       1.9637     0.020835
         8000       1.9295     0.013357
        10000       1.9396    0.0032571