>> solution

area =

       1.9429

 
trapeziumN =
 
119
 

trapeziumResultAndDifference =

       1.9446    0.0016942


gaussLegendreResult =
 
 1.942857142857143
 
 
monteCarloResults =

          200       1.8318      0.11108
          500       1.8744      0.06848
         1000       1.9475    0.0046128
         2000       1.9068     0.036096
         3500       1.9722     0.029297
         5000       1.9223     0.020535
